2
5 4
-75 53 -99 98 
-89 32 -82 -87 
95 22 71 -71 
60 -65 36 58 
32 58 59 -41 
15 10
-25 -35 52 -36 -64 -39 -17 -43 -29 55 
-42 -28 -99 -31 -96 -33 -19 -53 89 0 
24 49 34 7 54 14 -35 13 -45 -16 
-21 29 97 -21 93 -19 40 24 38 -41 
27 -56 79 28 12 83 94 -59 -23 -69 
41 -51 79 23 56 81 -63 -31 42 -9 
-99 -31 -80 -54 47 -87 27 35 85 13 
93 11 56 -80 -61 16 -98 -19 57 27 
11 46 -76 38 -32 79 67 5 -4 9 
-56 44 78 -36 90 73 25 64 7 9 
-23 48 -80 -19 -84 7 97 -82 -65 -98 
93 94 95 -84 32 -37 -57 -1 -84 39 
-44 -41 31 -66 71 20 -46 -5 -16 -91 
-48 -91 -95 20 37 -79 -73 82 -14 -38 
-69 -21 -44 -74 43 -64 -11 86 83 53 
