5
10 5
-95 100 -99 -49 26 
39 93 -5 -31 -12 
71 -69 83 -77 -46 
9 -66 -25 54 11 
25 68 -80 -92 14 
51 45 -52 -3 49 
72 50 49 73 -52 
23 12 -59 -35 80 
77 -64 -41 -93 -41 
13 16 41 -64 -31 
6 11
-15 20 68 99 -29 61 -5 -84 58 -34 65 
7 -61 -39 -23 98 50 42 -74 26 -74 -15 
81 33 -54 -3 -26 -19 -86 74 -11 46 -7 
-43 45 -88 -35 -13 -73 -77 53 -60 77 92 
49 -46 -62 -1 -56 -36 -27 -30 49 -46 -97 
-58 98 -23 71 -40 -1 -40 -94 92 65 98 
15 11
-15 26 -48 -62 -86 -71 -22 63 31 15 -38 
75 -73 34 -55 -77 -64 -4 -35 -66 -79 -64 
-7 20 44 -1 59 9 45 -90 38 -70 84 
-62 -32 98 -33 93 61 -54 8 -77 -79 35 
-95 14 58 -60 -42 -29 -26 -21 7 -85 -53 
-49 61 -94 -93 6 -36 45 35 -52 83 -49 
-54 -2 -56 -45 92 100 25 -87 82 30 75 
40 -82 -67 -42 -9 60 -87 54 -93 -37 15 
-88 18 -32 24 -37 -49 71 -6 2 -35 -60 
93 67 -68 -59 -8 -7 -77 -78 16 -90 -61 
97 -32 78 57 -19 32 64 92 -6 -76 10 
62 95 -79 -39 -86 15 63 -21 -97 -96 -54 
-17 -56 86 -76 -33 -93 40 -23 -6 37 45 
20 42 -27 0 53 -35 -58 -75 74 -96 -80 
-57 -35 -66 57 -25 60 -92 27 -46 -10 71 
12 7
-15 -6 1 -90 -64 -14 54 
56 -73 -25 4 -72 40 45 
-47 62 97 20 -96 -39 -98 
-91 84 62 -35 59 -37 55 
29 50 16 -38 -56 -35 -28 
28 51 -26 -16 -74 49 88 
2 36 33 54 -2 77 22 
50 -62 24 59 -30 33 -77 
-71 96 -74 -94 94 90 -32 
-62 -45 87 66 -47 -39 -2 
27 -91 34 -72 93 14 -70 
-9 -9 52 -12 77 24 -53 
11 14
18 24 1 91 77 -5 81 -7 81 -17 -20 95 84 88 
-7 11 -55 -26 39 -62 88 -83 77 27 69 -35 4 40 
59 99 97 25 71 45 16 96 -12 44 -12 -32 -25 -84 
11 -41 -48 -49 -82 -3 25 -96 35 61 -79 59 -12 89 
-76 -60 29 -69 -61 74 55 -42 67 -29 -47 -46 -37 89 
70 38 -47 29 97 4 80 -86 -51 5 -82 83 14 -13 
90 -98 -24 -86 -58 -47 -8 29 -26 -53 86 -11 66 -13 
43 -72 24 61 -86 -75 -11 -90 29 -31 -28 77 -79 38 
-92 35 -75 98 84 48 -40 -26 -51 52 -98 71 -53 -64 
-41 -40 23 -50 36 -5 -90 50 20 47 -92 -52 -36 28 
-27 33 -34 29 15 38 27 -1 34 -65 73 83 86 75 
